 73  66  58  41  22   2 -11 -22 -33 -33 -34 -22  -3  18  38  64  99 122 139 144 142 137 119  96 
 73  67  61  47  19  -4 -22 -40 -50 -49 -45 -32  -7  12  33  62  91 118 136 141 136 123 116 106 
 79  70  63  50  22   1 -23 -43 -54 -55 -48 -36 -12  17  44  65  88 109 122 133 125 106 106 106 
 78  69  55  42  26   1 -23 -36 -45 -52 -52 -42 -18  18  45  64  82  95 105 109 107  95  91  91 
 65  55  39  28  16  -4 -22 -29 -29 -42 -53 -43 -19  11  33  55  75  86  91  91  92  89  84  73 
 44  33  23  12   3  -8 -18 -17 -20 -28 -39 -34 -11   7  23  45  69  79  86  89  88  88  80  69 
 22  16   9   2  -4  -8  -9 -11 -15 -16 -23 -14   3  12  26  43  61  72  82  90  92  85  77  76 
  0  -2  -3  -4  -6   0  -6 -13 -10 -12 -11   1  20  34  41  51  57  65  75  85  88  80  81  82 
-16 -16 -10  -3   0   4  -2  -9  -6  -1   0  13  43  62  67  67  67  66  69  78  81  79  86  91 
-23 -17  -5   3   7   8   8   4   9  17  22  38  63  89  94  88  89  78  75  81  84  84  89  97 
-21  -7   5   9  13  14  19  26  32  44  58  68  87 105 111 112 108  99  97  99  99  93  88  92 
 -8   1   9  14  17  25  33  44  59  80  93 100 112 118 127 128 126 126 129 132 121 104  91  90 
  4   6   7  16  27  38  48  62  86 109 122 127 135 143 145 144 146 153 161 158 142 118 101  94 
  7  10   9  21  37  52  66  83 111 129 141 151 159 165 168 168 167 176 177 168 155 133 117 104 
  7  14  26  33  47  66  83 107 132 144 157 175 184 186 188 189 190 183 177 170 156 145 132 117 
 20  31  47  54  64  77 100 127 148 165 176 193 205 203 198 200 198 181 172 166 154 149 141 130 
 52  57  64  73  79  90 108 134 161 180 193 203 212 209 197 191 183 173 165 162 150 140 137 128 
 78  77  76  79  84  93 108 134 161 181 193 199 208 198 182 172 162 158 158 155 142 128 118 111 
 87  85  82  81  80  88 110 130 157 171 175 187 191 181 165 157 154 149 149 148 137 113  97  90 
 89  90  90  85  82  88 107 131 151 156 160 167 170 167 155 151 153 147 141 139 127 100  81  73 
 96  98  97  88  89  90  97 119 137 144 143 142 145 145 147 144 142 138 131 125 107  88  69  62 
103 103  96  83  81  80  77  88 111 124 122 117 118 122 126 126 122 116 116 110  91  78  68  57 
113 103  87  74  64  58  55  61  81  96  99  95 103 103 100 103  98  99 102  99  92  82  74  59 
124 104  85  68  53  45  44  49  63  71  72  81  90  90  84  81  82  88  93  96  96  91  80  63 
